Date,Total number of COVID patients in hospital today,Net new hospitalizations,5 day average of net new hospitalizations,ICU,Net New number ICU,Total number intubated,Net New number intubated,Confirmed COVID-19 hospitalizations,Suspected COVID-19 hospitalizations
4/4/2020,1370,731,685,438,242,,,,
4/5/2020,1632,262,544,526,88,,,,
4/6/2020,1677,45,419.25,542,16,,,,
4/7/2020,1831,154,366.2,575,33,,,,
4/8/2020,2119,288,296,659,84,,,,
4/9/2020,2302,183,186.4,685,26,,,,
4/10/2020,2435,133,160.6,701,16,,,,
4/11/2020,2507,72,166,745,44,,,,
4/12/2020,2554,47,144.6,765,20,,,,
4/13/2020,3485,931,273.2,942,177,782,782,,
4/14/2020,3616,131,262.8,965,23,733,-49,,
4/15/2020,3637,21,240.4,987,22,769,36,,
4/16/2020,3726,89,243.8,998,11,826,57,,
4/17/2020,3756,30,240.4,1003,5,814,-12,,
4/18/2020,3728,-28,48.6,1000,-3,821,7,,
4/19/2020,3789,61,34.6,1020,20,813,-8,,
4/20/2020,3867,78,46,1040,20,824,11,,
4/21/2020,3965,98,47.8,1050,10,842,18,,
4/22/2020,3873,-92,23.4,1034,-16,831,-11,,
4/23/2020,3830,-43,20.4,1048,14,810,-21,,
4/24/2020,3830,0,8.2,1058,10,795,-15,,
4/25/2020,3854,24,-2.6,1077,19,816,21,,
4/26/2020,3892,38,-14.6,1089,12,811,-5,,
4/27/2020,3875,-17,0.4,1010,-79,785,-26,,
4/28/2020,3856,-19,5.2,1011,1,763,-22,,
4/29/2020,3803,-53,-5.4,1001,-10,746,-17,,
4/30/2020,3716,-87,-27.6,952,-49,727,-19,,
5/1/2020,3601,-115,-58.2,925,-27,714,-13,,
5/2/2020,3617,16,-51.6,907,-18,684,-30,,
5/3/2020,3539,-78,-63.4,913,6,675,-9,,
5/4/2020,3542,3,-52.2,914,1,688,13,,
5/5/2020,3562,20,-30.8,922,8,685,-3,,
5/6/2020,3436,-126,-33,853,-69,656,-29,,
5/7/2020,3349,-87,-53.6,832,-21,643,-13,,
5/8/2020,3229,-120,-62,814,-18,619,-24,,
5/9/2020,3128,-101,-82.8,810,-4,616,-3,131,320
5/10/2020,3102,-26,-92,813,3,630,14,108,332
5/11/2020,3127,25,-61.8,818,5,617,-13,116,339
5/12/2020,3101,-26,-49.6,794,-24,623,6,165,416
5/13/2020,2859,-242,-74,781,-13,601,-22,147,354
5/14/2020,2767,-92,-72.2,749,-32,584,-17,147,354
5/15/2020,2692,-75,-82,747,-2,576,-8,153,396
5/16/2020,2597,-95,-106,702,-45,558,-18,127,361
5/17/2020,2533,-64,-113.6,674,-28,533,-25,101,383
5/18/2020,2472,-61,-77.4,672,-2,534,1,106,350
5/19/2020,2518,46,-49.8,675,3,513,-21,144,403
5/20/2020,2396,-122,-59.2,647,-28,493,-20,145,328
5/21/2020,2323,-73,-54.8,628,-19,454,-39,137,315
5/22/2020,2237,-86,-59.2,610,-18,452,-2,125,375
5/23/2020,2169,-68,-60.6,558,-52,433,-19,129,409
5/24/2020,2132,-37,-77.2,556,-2,413,-20,97,319
5/25/2020,2108,-24,-57.6,560,4,424,11,75,330
5/26/2020,2106,-2,-43.4,556,-4,404,-20,97,327
5/27/2020,2112,6,-25,533,-23,377,-27,114,377
5/28/2020,1991,-121,-35.6,485,-48,339,-38,111,418
5/29/2020,1904,-87,-45.6,453,-32,315,-24,136,334
5/30/2020,1824,-80,-56.8,436,-17,300,-15,90,393
5/31/2020,1747,-77,-71.8,404,-32,289,-11,85,347
6/1/2020,1657,-90,-91,394,-10,269,-20,74,287
6/2/2020,1684,27,-61.4,393,-1,263,-6,126,358
6/3/2020,1637,-47,-53.4,401,8,249,-14,88,362
6/4/2020,1533,-104,-58.2,350,-51,238,-11,100,364
6/5/2020,1531,-2,-43.2,359,9,238,0,93,394
6/6/2020,1444,-87,-42.6,335,-24,221,-17,72,403
6/7/2020,1415,-29,-53.8,322,-13,209,-12,63,338
6/8/2020,1397,-18,-48,315,-7,202,-7,60,293
6/9/2020,1335,-62,-39.6,319,4,200,-2,67,338
6/10/2020,1260,-75,-54.2,296,-23,181,-19,47,324
6/11/2020,1143,-117,-60.2,276,-20,170,-11,48,290
6/12/2020,1069,-74,-69.2,249,-27,162,-8,62,284
6/13/2020,1039,-30,-71.6,244,-5,156,-6,52,281
6/14/2020,1026,-13,-61.8,253,9,167,11,38,274
6/15/2020,1045,19,-43,244,-9,151,-16,44,261
6/16/2020,998,-47,-29,227,-17,135,-16,59,305
6/17/2020,968,-30,-20.2,227,0,125,-10,56,297
6/18/2020,994,26,-9,199,-28,124,-1,57,285
6/19/2020,964,-30,-12.4,200,1,118,-6,45,277
6/20/2020,927,-37,-23.6,194,-6,111,-7,48,294
6/21/2020,920,-7,-15.6,180,-14,107,-4,37,247
6/22/2020,953,33,-3,181,1,112,5,42,252
6/23/2020,939,-14,-11,181,0,98,-14,46,280
6/24/2020,822,-117,-28.4,174,-7,101,3,54,268
6/25/2020,791,-31,-27.2,156,-18,99,-2,49,295
6/26/2020,769,-22,-30.2,143,-13,90,-9,52,257
6/27/2020,748,-21,-41,134,-9,81,-9,51,303
6/28/2020,762,14,-35.4,138,4,79,-2,28,268
6/29/2020,733,-29,-17.8,120,-18,63,-16,29,228
6/30/2020,760,27,-6.2,123,3,65,2,38,284
7/1/2020,681,-79,-17.6,113,-10,52,-13,22,262
7/2/2020,656,-25,-18.4,106,-7,55,3,28,279
7/3/2020,640,-16,-24.4,107,1,51,-4,33,274
7/4/2020,636,-4,-19.4,100,-7,46,-5,31,242
7/5/2020,603,-33,-31.4,99,-1,51,5,30,211
7/6/2020,621,18,-12,104,5,50,-1,33,232
7/7/2020,662,41,1.2,102,-2,49,-1,36,300
7/8/2020,635,-27,-1,103,1,42,-7,24,279
7/9/2020,632,-3,-0.8,98,-5,47,5,30,298
7/10/2020,572,-60,-6.2,87,-11,44,-3,32,256
7/11/2020,583,11,-7.6,93,6,43,-1,19,279
7/12/2020,570,-13,-18.4,89,-4,46,3,22,241
7/13/2020,560,-10,-15,93,4,37,-9,16,199
7/14/2020,580,20,-10.4,80,-13,40,3,26,295
7/15/2020,557,-23,-3,77,-3,38,-2,25,290
7/16/2020,515,-42,-13.6,76,-1,34,-4,20,248
7/17/2020,499,-16,-14.2,86,10,43,9,32,245
7/18/2020,498,-1,-12.4,64,-22,41,-2,26,244
7/19/2020,483,-15,-19.4,67,3,38,-3,21,198
7/20/2020,513,30,-8.8,63,-4,33,-5,23,214
7/21/2020,532,19,3.4,63,0,37,4,19,271
7/22/2020,351,-181,-29.6,59,-4,30,-7,,
7/23/2020,397,46,-20.2,49,-10,29,-1,20,160
7/24/2020,371,-26,-22.4,50,1,27,-2,23,142
7/25/2020,364,-7,-29.8,56,6,30,3,22,158
7/26/2020,350,-14,-36.4,57,1,28,-2,24,122
7/27/2020,364,14,2.6,54,-3,27,-1,25,139
7/28/2020,390,26,-1.4,62,8,23,-4,32,170
7/29/2020,367,-23,-0.8,55,-7,29,6,15,163
7/30/2020,347,-20,-3.4,58,3,28,-1,25,162
7/31/2020,369,22,3.8,53,-5,26,-2,21,156
8/1/2020,406,37,8.4,68,15,33,7,22,154
8/2/2020,375,-31,-3,64,-4,24,-9,22,155
8/3/2020,354,-21,-2.6,56,-8,29,5,17,126
8/4/2020,396,42,9.8,57,1,21,-8,25,177
8/5/2020,403,7,6.8,73,16,32,11,19,146
8/6/2020,390,-13,-3.2,69,-4,30,-2,21,170
8/7/2020,386,-4,2.2,68,-1,30,0,27,145
8/8/2020,375,-11,4.2,60,-8,26,-4,23,127
8/9/2020,380,5,-3.2,60,0,25,-1,14,129
8/10/2020,387,7,-3.2,70,10,33,8,14,137
8/11/2020,422,35,6.4,64,-6,33,0,24,189
8/12/2020,401,-21,3,61,-3,26,-7,17,192
8/13/2020,398,-3,4.6,58,-3,31,5,19,159
8/14/2020,375,-23,-1,65,7,27,-4,22,126
8/15/2020,372,-3,-3,65,0,28,1,24,143
8/16/2020,367,-5,-11,59,-6,22,-6,16,109
8/17/2020,374,7,-5.4,66,7,23,1,22,108
8/18/2020,365,-9,-6.6,66,0,27,4,20,136
8/19/2020,371,6,-0.8,62,-4,23,-4,14,147
8/20/2020,322,-49,-10,66,4,15,-8,13,135
8/21/2020,315,-7,-10.4,50,-16,20,5,14,123
8/22/2020,315,0,-11.8,58,8,22,2,13,142
8/23/2020,308,-7,-11.4,62,4,26,4,12,114
8/24/2020,327,19,-8.8,61,-1,28,2,16,108
8/25/2020,356,29,6.8,68,7,29,1,21,151
8/26/2020,333,-23,3.6,61,-7,29,0,22,141
8/27/2020,312,-21,-0.6,60,-1,26,-3,16,111
8/28/2020,305,-7,-0.6,62,2,26,0,17,125
8/29/2020,290,-15,-7.4,62,0,25,-1,23,128
8/30/2020,314,24,-8.4,56,-6,22,-3,12,120
8/31/2020,320,6,-2.6,55,-1,29,7,16,113
9/1/2020,308,-12,-0.8,58,3,29,0,20,131
9/2/2020,312,4,1.4,61,3,28,-1,27,147
9/3/2020,333,21,8.6,60,-1,26,-2,16,117
9/4/2020,325,-8,2.2,48,-12,25,-1,26,141
9/5/2020,312,-13,-1.6,52,4,22,-3,19,146
9/6/2020,322,10,2.8,56,4,20,-2,22,117
9/7/2020,328,6,3.2,47,-9,24,4,20,139
9/8/2020,338,10,1,49,2,21,-3,22,102
9/9/2020,355,17,6,59,10,21,0,25,138
9/10/2020,330,-25,3.6,60,1,22,1,17,120
9/11/2020,331,1,1.8,64,4,25,3,17,123
9/12/2020,313,-18,-3,61,-3,21,-4,17,110
9/13/2020,302,-11,-7.2,63,2,17,-4,10,113
9/14/2020,310,8,-9,52,-11,23,6,18,124
9/15/2020,352,42,4.4,66,14,24,1,31,156
9/16/2020,377,25,9.2,64,-2,26,2,25,156
9/17/2020,338,-39,5,62,-2,25,-1,17,121
9/18/2020,362,24,12,65,3,28,3,18,122
9/19/2020,364,2,10.8,61,-4,34,6,23,154
9/20/2020,367,3,3,69,8,31,-3,23,121
9/21/2020,371,4,-1.2,67,-2,27,-4,22,121
9/22/2020,361,-10,4.6,71,4,26,-1,12,132
9/23/2020,375,14,2.6,75,4,29,3,28,160
9/24/2020,389,14,5,78,3,31,2,27,142
9/25/2020,354,-35,-2.6,77,-1,28,-3,28,146
9/26/2020,408,54,7.4,79,2,27,-1,34,123
9/27/2020,418,10,11.4,85,6,31,4,38,126
9/28/2020,444,26,13.8,107,22,27,-4,31,140
9/29/2020,438,-6,9.8,89,-18,29,2,33,135
9/30/2020,436,-2,16.4,84,-5,32,3,29,142
10/1/2020,421,-15,3,79,-5,34,2,33,149
10/2/2020,416,-5,0,75,-4,27,-7,36,109
10/3/2020,438,22,-1.2,83,8,27,0,39,117
10/4/2020,473,35,7,88,5,33,6,28,142
10/5/2020,494,21,11.6,85,-3,31,-2,40,157
10/6/2020,515,21,18.8,83,-2,34,3,35,149
10/7/2020,484,-31,13.6,85,2,23,-11,35,145
10/8/2020,500,16,12.4,88,3,28,5,33,153
10/9/2020,531,31,12,86,-2,28,0,47,144
10/10/2020,511,-20,3.4,85,-1,29,1,36,168
10/11/2020,501,-10,-3,82,-3,32,3,31,140
10/12/2020,514,13,6,87,5,27,-5,34,140
10/13/2020,499,-15,-0.2,88,1,28,1,40,156
10/14/2020,503,4,-5.6,92,4,34,6,45,162
10/15/2020,513,10,0.4,77,-15,33,-1,39,165
10/16/2020,500,-13,-0.2,88,11,36,3,36,166
10/17/2020,483,-17,-6.2,83,-5,32,-4,43,156
10/18/2020,500,17,0.2,86,3,33,1,42,118
10/19/2020,517,17,3,94,8,35,2,40,133
10/20/2020,519,2,1.2,91,-3,36,1,43,149
10/21/2020,521,2,4,103,12,38,2,45,145
10/22/2020,570,49,17,125,22,43,5,62,135
10/23/2020,551,-19,10.2,114,-11,45,2,45,165
10/24/2020,538,-13,4.2,109,-5,45,0,49,142
10/25/2020,550,12,6,105,-4,43,-2,41,115
10/26/2020,567,17,9,109,4,47,4,57,154
10/27/2020,582,15,2.4,106,-3,49,2,53,157
10/28/2020,561,-21,2,99,-7,49,0,51,146
,,,,,,,,,
,,,,,,,,,
